<html>
<head><meta charset="utf-8" /></head>
<body>
    <div>                        <script type="text/javascript">window.PlotlyConfig = {MathJaxConfig: 'local'};</script>
        <script src="https://cdn.plot.ly/plotly-2.18.2.min.js"></script>                <div id="9a6adfee-3671-44aa-beb5-90b7ff302451" class="plotly-graph-div" style="height:800px; width:800px;"></div>            <script type="text/javascript">                                    window.PLOTLYENV=window.PLOTLYENV || {};                                    if (document.getElementById("9a6adfee-3671-44aa-beb5-90b7ff302451")) {                    Plotly.newPlot(                        "9a6adfee-3671-44aa-beb5-90b7ff302451",                        [{"text":[0.0,6.151621052334109,7.197180965969513,6.708649350038695,7.951361872627695,6.620656283450636,6.532198631909433,5.866364176608874,5.265552062053296,6.621209396854576,6.9850087092299376,7.145229797943287,9.549447249276303,8.081139481473729,6.124891202877047,8.400455197233262,6.648173479108188,6.831314673154847,6.7259110044952335,5.674669190363006,6.151621052334109,0.0,6.655490393889042,6.142677614745286,7.508145825221152,5.408744255929248,4.223581264002157,5.503829515508107,6.014856367165729,6.1305530723109465,6.072778280595726,7.053859622530628,10.055917610038742,7.965533125162494,4.915443358313361,7.3210959254090495,5.046473456527023,4.886530363113667,6.139218691120247,6.614579060413197,7.197180965969513,6.655490393889042,0.0,5.485910530362963,8.127592658511547,7.060900617898045,4.703327866104889,6.908602568260365,7.372234154503869,6.152664924774838,5.3723323542563355,8.053110114352657,9.923744466740516,7.52056752107295,6.305001384442635,8.851336572703815,6.956720209652275,6.788707627208195,7.6171839663439584,7.163099061237942,6.708649350038695,6.142677614745286,5.485910530362963,0.0,8.089269011050941,6.645740277810191,4.5259712673762635,6.925134004263697,7.220786849231944,5.037473430524725,5.9306542923961825,7.776221216148561,9.95193216472823,7.0910628594534275,5.186116547656942,8.675567776659005,6.694933752515729,6.418854435440696,6.966085260812074,6.561572942924762,7.951361872627695,7.508145825221152,8.127592658511547,8.089269011050941,0.0,6.2453996964616945,5.487586836294269,6.9129689775471075,8.08982474070491,7.562857201277967,5.7801376864790335,8.617786567687617,9.322597172129749,8.848564478734957,6.683214162550276,8.616162836084138,6.179319879320322,6.111398898340496,8.526362868562433,3.584390291682774,6.620656283450636,5.408744255929248,7.060900617898045,6.645740277810191,6.2453996964616945,0.0,5.7675889467258,4.864018934494022,6.1505402771222695,6.2393363913181,5.049172313360765,6.781540959503469,6.91049483043941,7.893030090558023,4.887226723120149,4.739089304663449,4.145468029065621,3.94262555801379,6.741216944987843,5.878735230865656,6.532198631909433,4.223581264002157,4.703327866104889,4.5259712673762635,5.487586836294269,5.7675889467258,0.0,5.736986824219693,5.8420611429188,4.839654205276059,4.803068166405891,5.645322577895692,6.378599797761205,5.953643960457518,3.465354619555934,7.303005550938311,4.737102196667652,5.272272003636671,6.744935831071726,5.695867299037417,5.866364176608874,5.503829515508107,6.908602568260365,6.925134004263697,6.9129689775471075,4.864018934494022,5.736986824219693,0.0,5.454276179120414,6.606563698913497,5.358076290041173,6.741037159739942,9.894194721591427,8.473423511423805,5.518244682696503,6.616569750721385,5.081697875090305,5.811642480128399,6.762435067886264,5.038081588723683,5.265552062053296,6.014856367165729,7.372234154503869,7.220786849231944,8.08982474070491,6.1505402771222695,5.8420611429188,5.454276179120414,0.0,7.346830704604757,5.532804719516969,6.333565968689162,9.602358478459466,8.387000648923518,6.052677254943646,6.614673646888621,5.600074624930419,6.014393697134251,7.1466664945521385,5.896041611886675,6.621209396854576,6.1305530723109465,6.152664924774838,5.037473430524725,7.562857201277967,6.2393363913181,4.839654205276059,6.606563698913497,7.346830704604757,0.0,5.455636831642454,7.431629837597887,9.523022893591108,7.276385325963185,4.594720898015147,8.247908291019113,5.883485288273888,5.73927949766937,7.1555475723068485,6.652718545949017,6.9850087092299376,6.072778280595726,5.3723323542563355,5.9306542923961825,5.7801376864790335,5.049172313360765,4.803068166405891,5.358076290041173,5.532804719516969,5.455636831642454,0.0,6.749270735342131,5.33868815709612,6.850232623270374,4.6341865058835685,7.837928289586221,4.615292342365951,4.766684506484401,7.390256009742298,5.2806239663301415,7.145229797943287,7.053859622530628,8.053110114352657,7.776221216148561,8.617786567687617,6.781540959503469,5.645322577895692,6.741037159739942,6.333565968689162,7.431629837597887,6.749270735342131,0.0,10.219503256538797,8.81305627248554,6.322451867581263,7.540402358974132,6.081308643353769,6.704936184415347,7.884106328774014,7.483679862192295,9.549447249276303,10.055917610038742,9.923744466740516,9.95193216472823,9.322597172129749,6.91049483043941,6.378599797761205,9.894194721591427,9.602358478459466,9.523022893591108,5.33868815709612,10.219503256538797,0.0,10.379433879042566,6.180820246768573,9.795556800561183,6.517580464055092,7.046767955858594,10.251517951753119,6.0039497287266475,8.081139481473729,7.965533125162494,7.52056752107295,7.0910628594534275,8.848564478734957,7.893030090558023,5.953643960457518,8.473423511423805,8.387000648923518,7.276385325963185,6.850232623270374,8.81305627248554,10.379433879042566,0.0,7.283813359144946,9.382107889292634,8.124963575322871,8.05622036703269,7.690748647569701,7.741520547156538,6.124891202877047,4.915443358313361,6.305001384442635,5.186116547656942,6.683214162550276,4.887226723120149,3.465354619555934,5.518244682696503,6.052677254943646,4.594720898015147,4.6341865058835685,6.322451867581263,6.180820246768573,7.283813359144946,0.0,7.906200457031213,4.5949902735670545,4.954431182879803,5.476195032945536,5.606865944259427,8.400455197233262,7.3210959254090495,8.851336572703815,8.675567776659005,8.616162836084138,4.739089304663449,7.303005550938311,6.616569750721385,6.614673646888621,8.247908291019113,7.837928289586221,7.540402358974132,9.795556800561183,9.382107889292634,7.906200457031213,0.0,7.386348594497365,7.462480269039621,7.808776155619772,7.524794435756381,6.648173479108188,5.046473456527023,6.956720209652275,6.694933752515729,6.179319879320322,4.145468029065621,4.737102196667652,5.081697875090305,5.600074624930419,5.883485288273888,4.615292342365951,6.081308643353769,6.517580464055092,8.124963575322871,4.5949902735670545,7.386348594497365,0.0,3.618464279614912,6.863632624624884,5.662195789757526,6.831314673154847,4.886530363113667,6.788707627208195,6.418854435440696,6.111398898340496,3.94262555801379,5.272272003636671,5.811642480128399,6.014393697134251,5.73927949766937,4.766684506484401,6.704936184415347,7.046767955858594,8.05622036703269,4.954431182879803,7.462480269039621,3.618464279614912,0.0,6.6511490966166935,5.842522653790448,6.7259110044952335,6.139218691120247,7.6171839663439584,6.966085260812074,8.526362868562433,6.741216944987843,6.744935831071726,6.762435067886264,7.1466664945521385,7.1555475723068485,7.390256009742298,7.884106328774014,10.251517951753119,7.690748647569701,5.476195032945536,7.808776155619772,6.863632624624884,6.6511490966166935,0.0,7.2599380082915745,5.674669190363006,6.614579060413197,7.163099061237942,6.561572942924762,3.584390291682774,5.878735230865656,5.695867299037417,5.038081588723683,5.896041611886675,6.652718545949017,5.2806239663301415,7.483679862192295,6.0039497287266475,7.741520547156538,5.606865944259427,7.524794435756381,5.662195789757526,5.842522653790448,7.2599380082915745,0.0],"texttemplate":"%{text:.2f}","x":["1001","1001","1001","1001","1001","1001","1001","1001","1001","1001","1001","1001","1001","1001","1001","1001","1001","1001","1001","1001","1002","1002","1002","1002","1002","1002","1002","1002","1002","1002","1002","1002","1002","1002","1002","1002","1002","1002","1002","1002","1003","1003","1003","1003","1003","1003","1003","1003","1003","1003","1003","1003","1003","1003","1003","1003","1003","1003","1003","1003","1004","1004","1004","1004","1004","1004","1004","1004","1004","1004","1004","1004","1004","1004","1004","1004","1004","1004","1004","1004","1005","1005","1005","1005","1005","1005","1005","1005","1005","1005","1005","1005","1005","1005","1005","1005","1005","1005","1005","1005","1006","1006","1006","1006","1006","1006","1006","1006","1006","1006","1006","1006","1006","1006","1006","1006","1006","1006","1006","1006","1007","1007","1007","1007","1007","1007","1007","1007","1007","1007","1007","1007","1007","1007","1007","1007","1007","1007","1007","1007","1008","1008","1008","1008","1008","1008","1008","1008","1008","1008","1008","1008","1008","1008","1008","1008","1008","1008","1008","1008","1009","1009","1009","1009","1009","1009","1009","1009","1009","1009","1009","1009","1009","1009","1009","1009","1009","1009","1009","1009","1010","1010","1010","1010","1010","1010","1010","1010","1010","1010","1010","1010","1010","1010","1010","1010","1010","1010","1010","1010","1011","1011","1011","1011","1011","1011","1011","1011","1011","1011","1011","1011","1011","1011","1011","1011","1011","1011","1011","1011","1012","1012","1012","1012","1012","1012","1012","1012","1012","1012","1012","1012","1012","1012","1012","1012","1012","1012","1012","1012","1013","1013","1013","1013","1013","1013","1013","1013","1013","1013","1013","1013","1013","1013","1013","1013","1013","1013","1013","1013","1014","1014","1014","1014","1014","1014","1014","1014","1014","1014","1014","1014","1014","1014","1014","1014","1014","1014","1014","1014","1015","1015","1015","1015","1015","1015","1015","1015","1015","1015","1015","1015","1015","1015","1015","1015","1015","1015","1015","1015","1016","1016","1016","1016","1016","1016","1016","1016","1016","1016","1016","1016","1016","1016","1016","1016","1016","1016","1016","1016","1017","1017","1017","1017","1017","1017","1017","1017","1017","1017","1017","1017","1017","1017","1017","1017","1017","1017","1017","1017","1018","1018","1018","1018","1018","1018","1018","1018","1018","1018","1018","1018","1018","1018","1018","1018","1018","1018","1018","1018","1019","1019","1019","1019","1019","1019","1019","1019","1019","1019","1019","1019","1019","1019","1019","1019","1019","1019","1019","1019","1020","1020","1020","1020","1020","1020","1020","1020","1020","1020","1020","1020","1020","1020","1020","1020","1020","1020","1020","1020"],"y":["1001","1002","1003","1004","1005","1006","1007","1008","1009","1010","1011","1012","1013","1014","1015","1016","1017","1018","1019","1020","1001","1002","1003","1004","1005","1006","1007","1008","1009","1010","1011","1012","1013","1014","1015","1016","1017","1018","1019","1020","1001","1002","1003","1004","1005","1006","1007","1008","1009","1010","1011","1012","1013","1014","1015","1016","1017","1018","1019","1020","1001","1002","1003","1004","1005","1006","1007","1008","1009","1010","1011","1012","1013","1014","1015","1016","1017","1018","1019","1020","1001","1002","1003","1004","1005","1006","1007","1008","1009","1010","1011","1012","1013","1014","1015","1016","1017","1018","1019","1020","1001","1002","1003","1004","1005","1006","1007","1008","1009","1010","1011","1012","1013","1014","1015","1016","1017","1018","1019","1020","1001","1002","1003","1004","1005","1006","1007","1008","1009","1010","1011","1012","1013","1014","1015","1016","1017","1018","1019","1020","1001","1002","1003","1004","1005","1006","1007","1008","1009","1010","1011","1012","1013","1014","1015","1016","1017","1018","1019","1020","1001","1002","1003","1004","1005","1006","1007","1008","1009","1010","1011","1012","1013","1014","1015","1016","1017","1018","1019","1020","1001","1002","1003","1004","1005","1006","1007","1008","1009","1010","1011","1012","1013","1014","1015","1016","1017","1018","1019","1020","1001","1002","1003","1004","1005","1006","1007","1008","1009","1010","1011","1012","1013","1014","1015","1016","1017","1018","1019","1020","1001","1002","1003","1004","1005","1006","1007","1008","1009","1010","1011","1012","1013","1014","1015","1016","1017","1018","1019","1020","1001","1002","1003","1004","1005","1006","1007","1008","1009","1010","1011","1012","1013","1014","1015","1016","1017","1018","1019","1020","1001","1002","1003","1004","1005","1006","1007","1008","1009","1010","1011","1012","1013","1014","1015","1016","1017","1018","1019","1020","1001","1002","1003","1004","1005","1006","1007","1008","1009","1010","1011","1012","1013","1014","1015","1016","1017","1018","1019","1020","1001","1002","1003","1004","1005","1006","1007","1008","1009","1010","1011","1012","1013","1014","1015","1016","1017","1018","1019","1020","1001","1002","1003","1004","1005","1006","1007","1008","1009","1010","1011","1012","1013","1014","1015","1016","1017","1018","1019","1020","1001","1002","1003","1004","1005","1006","1007","1008","1009","1010","1011","1012","1013","1014","1015","1016","1017","1018","1019","1020","1001","1002","1003","1004","1005","1006","1007","1008","1009","1010","1011","1012","1013","1014","1015","1016","1017","1018","1019","1020","1001","1002","1003","1004","1005","1006","1007","1008","1009","1010","1011","1012","1013","1014","1015","1016","1017","1018","1019","1020"],"z":[0.0,6.151621052334109,7.197180965969513,6.708649350038695,7.951361872627695,6.620656283450636,6.532198631909433,5.866364176608874,5.265552062053296,6.621209396854576,6.9850087092299376,7.145229797943287,9.549447249276303,8.081139481473729,6.124891202877047,8.400455197233262,6.648173479108188,6.831314673154847,6.7259110044952335,5.674669190363006,6.151621052334109,0.0,6.655490393889042,6.142677614745286,7.508145825221152,5.408744255929248,4.223581264002157,5.503829515508107,6.014856367165729,6.1305530723109465,6.072778280595726,7.053859622530628,10.055917610038742,7.965533125162494,4.915443358313361,7.3210959254090495,5.046473456527023,4.886530363113667,6.139218691120247,6.614579060413197,7.197180965969513,6.655490393889042,0.0,5.485910530362963,8.127592658511547,7.060900617898045,4.703327866104889,6.908602568260365,7.372234154503869,6.152664924774838,5.3723323542563355,8.053110114352657,9.923744466740516,7.52056752107295,6.305001384442635,8.851336572703815,6.956720209652275,6.788707627208195,7.6171839663439584,7.163099061237942,6.708649350038695,6.142677614745286,5.485910530362963,0.0,8.089269011050941,6.645740277810191,4.5259712673762635,6.925134004263697,7.220786849231944,5.037473430524725,5.9306542923961825,7.776221216148561,9.95193216472823,7.0910628594534275,5.186116547656942,8.675567776659005,6.694933752515729,6.418854435440696,6.966085260812074,6.561572942924762,7.951361872627695,7.508145825221152,8.127592658511547,8.089269011050941,0.0,6.2453996964616945,5.487586836294269,6.9129689775471075,8.08982474070491,7.562857201277967,5.7801376864790335,8.617786567687617,9.322597172129749,8.848564478734957,6.683214162550276,8.616162836084138,6.179319879320322,6.111398898340496,8.526362868562433,3.584390291682774,6.620656283450636,5.408744255929248,7.060900617898045,6.645740277810191,6.2453996964616945,0.0,5.7675889467258,4.864018934494022,6.1505402771222695,6.2393363913181,5.049172313360765,6.781540959503469,6.91049483043941,7.893030090558023,4.887226723120149,4.739089304663449,4.145468029065621,3.94262555801379,6.741216944987843,5.878735230865656,6.532198631909433,4.223581264002157,4.703327866104889,4.5259712673762635,5.487586836294269,5.7675889467258,0.0,5.736986824219693,5.8420611429188,4.839654205276059,4.803068166405891,5.645322577895692,6.378599797761205,5.953643960457518,3.465354619555934,7.303005550938311,4.737102196667652,5.272272003636671,6.744935831071726,5.695867299037417,5.866364176608874,5.503829515508107,6.908602568260365,6.925134004263697,6.9129689775471075,4.864018934494022,5.736986824219693,0.0,5.454276179120414,6.606563698913497,5.358076290041173,6.741037159739942,9.894194721591427,8.473423511423805,5.518244682696503,6.616569750721385,5.081697875090305,5.811642480128399,6.762435067886264,5.038081588723683,5.265552062053296,6.014856367165729,7.372234154503869,7.220786849231944,8.08982474070491,6.1505402771222695,5.8420611429188,5.454276179120414,0.0,7.346830704604757,5.532804719516969,6.333565968689162,9.602358478459466,8.387000648923518,6.052677254943646,6.614673646888621,5.600074624930419,6.014393697134251,7.1466664945521385,5.896041611886675,6.621209396854576,6.1305530723109465,6.152664924774838,5.037473430524725,7.562857201277967,6.2393363913181,4.839654205276059,6.606563698913497,7.346830704604757,0.0,5.455636831642454,7.431629837597887,9.523022893591108,7.276385325963185,4.594720898015147,8.247908291019113,5.883485288273888,5.73927949766937,7.1555475723068485,6.652718545949017,6.9850087092299376,6.072778280595726,5.3723323542563355,5.9306542923961825,5.7801376864790335,5.049172313360765,4.803068166405891,5.358076290041173,5.532804719516969,5.455636831642454,0.0,6.749270735342131,5.33868815709612,6.850232623270374,4.6341865058835685,7.837928289586221,4.615292342365951,4.766684506484401,7.390256009742298,5.2806239663301415,7.145229797943287,7.053859622530628,8.053110114352657,7.776221216148561,8.617786567687617,6.781540959503469,5.645322577895692,6.741037159739942,6.333565968689162,7.431629837597887,6.749270735342131,0.0,10.219503256538797,8.81305627248554,6.322451867581263,7.540402358974132,6.081308643353769,6.704936184415347,7.884106328774014,7.483679862192295,9.549447249276303,10.055917610038742,9.923744466740516,9.95193216472823,9.322597172129749,6.91049483043941,6.378599797761205,9.894194721591427,9.602358478459466,9.523022893591108,5.33868815709612,10.219503256538797,0.0,10.379433879042566,6.180820246768573,9.795556800561183,6.517580464055092,7.046767955858594,10.251517951753119,6.0039497287266475,8.081139481473729,7.965533125162494,7.52056752107295,7.0910628594534275,8.848564478734957,7.893030090558023,5.953643960457518,8.473423511423805,8.387000648923518,7.276385325963185,6.850232623270374,8.81305627248554,10.379433879042566,0.0,7.283813359144946,9.382107889292634,8.124963575322871,8.05622036703269,7.690748647569701,7.741520547156538,6.124891202877047,4.915443358313361,6.305001384442635,5.186116547656942,6.683214162550276,4.887226723120149,3.465354619555934,5.518244682696503,6.052677254943646,4.594720898015147,4.6341865058835685,6.322451867581263,6.180820246768573,7.283813359144946,0.0,7.906200457031213,4.5949902735670545,4.954431182879803,5.476195032945536,5.606865944259427,8.400455197233262,7.3210959254090495,8.851336572703815,8.675567776659005,8.616162836084138,4.739089304663449,7.303005550938311,6.616569750721385,6.614673646888621,8.247908291019113,7.837928289586221,7.540402358974132,9.795556800561183,9.382107889292634,7.906200457031213,0.0,7.386348594497365,7.462480269039621,7.808776155619772,7.524794435756381,6.648173479108188,5.046473456527023,6.956720209652275,6.694933752515729,6.179319879320322,4.145468029065621,4.737102196667652,5.081697875090305,5.600074624930419,5.883485288273888,4.615292342365951,6.081308643353769,6.517580464055092,8.124963575322871,4.5949902735670545,7.386348594497365,0.0,3.618464279614912,6.863632624624884,5.662195789757526,6.831314673154847,4.886530363113667,6.788707627208195,6.418854435440696,6.111398898340496,3.94262555801379,5.272272003636671,5.811642480128399,6.014393697134251,5.73927949766937,4.766684506484401,6.704936184415347,7.046767955858594,8.05622036703269,4.954431182879803,7.462480269039621,3.618464279614912,0.0,6.6511490966166935,5.842522653790448,6.7259110044952335,6.139218691120247,7.6171839663439584,6.966085260812074,8.526362868562433,6.741216944987843,6.744935831071726,6.762435067886264,7.1466664945521385,7.1555475723068485,7.390256009742298,7.884106328774014,10.251517951753119,7.690748647569701,5.476195032945536,7.808776155619772,6.863632624624884,6.6511490966166935,0.0,7.2599380082915745,5.674669190363006,6.614579060413197,7.163099061237942,6.561572942924762,3.584390291682774,5.878735230865656,5.695867299037417,5.038081588723683,5.896041611886675,6.652718545949017,5.2806239663301415,7.483679862192295,6.0039497287266475,7.741520547156538,5.606865944259427,7.524794435756381,5.662195789757526,5.842522653790448,7.2599380082915745,0.0],"type":"heatmap"}],                        {"template":{"data":{"barpolar":[{"marker":{"line":{"color":"#E5ECF6","width":0.5},"pattern":{"fillmode":"overlay","size":10,"solidity":0.2}},"type":"barpolar"}],"bar":[{"error_x":{"color":"#2a3f5f"},"error_y":{"color":"#2a3f5f"},"marker":{"line":{"color":"#E5ECF6","width":0.5},"pattern":{"fillmode":"overlay","size":10,"solidity":0.2}},"type":"bar"}],"carpet":[{"aaxis":{"endlinecolor":"#2a3f5f","gridcolor":"white","linecolor":"white","minorgridcolor":"white","startlinecolor":"#2a3f5f"},"baxis":{"endlinecolor":"#2a3f5f","gridcolor":"white","linecolor":"white","minorgridcolor":"white","startlinecolor":"#2a3f5f"},"type":"carpet"}],"choropleth":[{"colorbar":{"outlinewidth":0,"ticks":""},"type":"choropleth"}],"contourcarpet":[{"colorbar":{"outlinewidth":0,"ticks":""},"type":"contourcarpet"}],"contour":[{"colorbar":{"outlinewidth":0,"ticks":""},"colorscale":[[0.0,"#0d0887"],[0.1111111111111111,"#46039f"],[0.2222222222222222,"#7201a8"],[0.3333333333333333,"#9c179e"],[0.4444444444444444,"#bd3786"],[0.5555555555555556,"#d8576b"],[0.6666666666666666,"#ed7953"],[0.7777777777777778,"#fb9f3a"],[0.8888888888888888,"#fdca26"],[1.0,"#f0f921"]],"type":"contour"}],"heatmapgl":[{"colorbar":{"outlinewidth":0,"ticks":""},"colorscale":[[0.0,"#0d0887"],[0.1111111111111111,"#46039f"],[0.2222222222222222,"#7201a8"],[0.3333333333333333,"#9c179e"],[0.4444444444444444,"#bd3786"],[0.5555555555555556,"#d8576b"],[0.6666666666666666,"#ed7953"],[0.7777777777777778,"#fb9f3a"],[0.8888888888888888,"#fdca26"],[1.0,"#f0f921"]],"type":"heatmapgl"}],"heatmap":[{"colorbar":{"outlinewidth":0,"ticks":""},"colorscale":[[0.0,"#0d0887"],[0.1111111111111111,"#46039f"],[0.2222222222222222,"#7201a8"],[0.3333333333333333,"#9c179e"],[0.4444444444444444,"#bd3786"],[0.5555555555555556,"#d8576b"],[0.6666666666666666,"#ed7953"],[0.7777777777777778,"#fb9f3a"],[0.8888888888888888,"#fdca26"],[1.0,"#f0f921"]],"type":"heatmap"}],"histogram2dcontour":[{"colorbar":{"outlinewidth":0,"ticks":""},"colorscale":[[0.0,"#0d0887"],[0.1111111111111111,"#46039f"],[0.2222222222222222,"#7201a8"],[0.3333333333333333,"#9c179e"],[0.4444444444444444,"#bd3786"],[0.5555555555555556,"#d8576b"],[0.6666666666666666,"#ed7953"],[0.7777777777777778,"#fb9f3a"],[0.8888888888888888,"#fdca26"],[1.0,"#f0f921"]],"type":"histogram2dcontour"}],"histogram2d":[{"colorbar":{"outlinewidth":0,"ticks":""},"colorscale":[[0.0,"#0d0887"],[0.1111111111111111,"#46039f"],[0.2222222222222222,"#7201a8"],[0.3333333333333333,"#9c179e"],[0.4444444444444444,"#bd3786"],[0.5555555555555556,"#d8576b"],[0.6666666666666666,"#ed7953"],[0.7777777777777778,"#fb9f3a"],[0.8888888888888888,"#fdca26"],[1.0,"#f0f921"]],"type":"histogram2d"}],"histogram":[{"marker":{"pattern":{"fillmode":"overlay","size":10,"solidity":0.2}},"type":"histogram"}],"mesh3d":[{"colorbar":{"outlinewidth":0,"ticks":""},"type":"mesh3d"}],"parcoords":[{"line":{"colorbar":{"outlinewidth":0,"ticks":""}},"type":"parcoords"}],"pie":[{"automargin":true,"type":"pie"}],"scatter3d":[{"line":{"colorbar":{"outlinewidth":0,"ticks":""}},"marker":{"colorbar":{"outlinewidth":0,"ticks":""}},"type":"scatter3d"}],"scattercarpet":[{"marker":{"colorbar":{"outlinewidth":0,"ticks":""}},"type":"scattercarpet"}],"scattergeo":[{"marker":{"colorbar":{"outlinewidth":0,"ticks":""}},"type":"scattergeo"}],"scattergl":[{"marker":{"colorbar":{"outlinewidth":0,"ticks":""}},"type":"scattergl"}],"scattermapbox":[{"marker":{"colorbar":{"outlinewidth":0,"ticks":""}},"type":"scattermapbox"}],"scatterpolargl":[{"marker":{"colorbar":{"outlinewidth":0,"ticks":""}},"type":"scatterpolargl"}],"scatterpolar":[{"marker":{"colorbar":{"outlinewidth":0,"ticks":""}},"type":"scatterpolar"}],"scatter":[{"fillpattern":{"fillmode":"overlay","size":10,"solidity":0.2},"type":"scatter"}],"scatterternary":[{"marker":{"colorbar":{"outlinewidth":0,"ticks":""}},"type":"scatterternary"}],"surface":[{"colorbar":{"outlinewidth":0,"ticks":""},"colorscale":[[0.0,"#0d0887"],[0.1111111111111111,"#46039f"],[0.2222222222222222,"#7201a8"],[0.3333333333333333,"#9c179e"],[0.4444444444444444,"#bd3786"],[0.5555555555555556,"#d8576b"],[0.6666666666666666,"#ed7953"],[0.7777777777777778,"#fb9f3a"],[0.8888888888888888,"#fdca26"],[1.0,"#f0f921"]],"type":"surface"}],"table":[{"cells":{"fill":{"color":"#EBF0F8"},"line":{"color":"white"}},"header":{"fill":{"color":"#C8D4E3"},"line":{"color":"white"}},"type":"table"}]},"layout":{"annotationdefaults":{"arrowcolor":"#2a3f5f","arrowhead":0,"arrowwidth":1},"autotypenumbers":"strict","coloraxis":{"colorbar":{"outlinewidth":0,"ticks":""}},"colorscale":{"diverging":[[0,"#8e0152"],[0.1,"#c51b7d"],[0.2,"#de77ae"],[0.3,"#f1b6da"],[0.4,"#fde0ef"],[0.5,"#f7f7f7"],[0.6,"#e6f5d0"],[0.7,"#b8e186"],[0.8,"#7fbc41"],[0.9,"#4d9221"],[1,"#276419"]],"sequential":[[0.0,"#0d0887"],[0.1111111111111111,"#46039f"],[0.2222222222222222,"#7201a8"],[0.3333333333333333,"#9c179e"],[0.4444444444444444,"#bd3786"],[0.5555555555555556,"#d8576b"],[0.6666666666666666,"#ed7953"],[0.7777777777777778,"#fb9f3a"],[0.8888888888888888,"#fdca26"],[1.0,"#f0f921"]],"sequentialminus":[[0.0,"#0d0887"],[0.1111111111111111,"#46039f"],[0.2222222222222222,"#7201a8"],[0.3333333333333333,"#9c179e"],[0.4444444444444444,"#bd3786"],[0.5555555555555556,"#d8576b"],[0.6666666666666666,"#ed7953"],[0.7777777777777778,"#fb9f3a"],[0.8888888888888888,"#fdca26"],[1.0,"#f0f921"]]},"colorway":["#636efa","#EF553B","#00cc96","#ab63fa","#FFA15A","#19d3f3","#FF6692","#B6E880","#FF97FF","#FECB52"],"font":{"color":"#2a3f5f"},"geo":{"bgcolor":"white","lakecolor":"white","landcolor":"#E5ECF6","showlakes":true,"showland":true,"subunitcolor":"white"},"hoverlabel":{"align":"left"},"hovermode":"closest","mapbox":{"style":"light"},"paper_bgcolor":"white","plot_bgcolor":"#E5ECF6","polar":{"angularaxis":{"gridcolor":"white","linecolor":"white","ticks":""},"bgcolor":"#E5ECF6","radialaxis":{"gridcolor":"white","linecolor":"white","ticks":""}},"scene":{"xaxis":{"backgroundcolor":"#E5ECF6","gridcolor":"white","gridwidth":2,"linecolor":"white","showbackground":true,"ticks":"","zerolinecolor":"white"},"yaxis":{"backgroundcolor":"#E5ECF6","gridcolor":"white","gridwidth":2,"linecolor":"white","showbackground":true,"ticks":"","zerolinecolor":"white"},"zaxis":{"backgroundcolor":"#E5ECF6","gridcolor":"white","gridwidth":2,"linecolor":"white","showbackground":true,"ticks":"","zerolinecolor":"white"}},"shapedefaults":{"line":{"color":"#2a3f5f"}},"ternary":{"aaxis":{"gridcolor":"white","linecolor":"white","ticks":""},"baxis":{"gridcolor":"white","linecolor":"white","ticks":""},"bgcolor":"#E5ECF6","caxis":{"gridcolor":"white","linecolor":"white","ticks":""}},"title":{"x":0.05},"xaxis":{"automargin":true,"gridcolor":"white","linecolor":"white","ticks":"","title":{"standoff":15},"zerolinecolor":"white","zerolinewidth":2},"yaxis":{"automargin":true,"gridcolor":"white","linecolor":"white","ticks":"","title":{"standoff":15},"zerolinecolor":"white","zerolinewidth":2}}},"autosize":false,"width":800,"height":800,"title":{"text":"PM<sub>2.5</sub> MAE for pairs of sensor nodes, 15min window average. Stratified data."}},                        {"responsive": true}                    )                };                            </script>        </div>
</body>
</html>