<html>
<head><meta charset="utf-8" /></head>
<body>
    <div>                        <script type="text/javascript">window.PlotlyConfig = {MathJaxConfig: 'local'};</script>
        <script src="https://cdn.plot.ly/plotly-2.18.2.min.js"></script>                <div id="c2dc6953-4b48-4788-bc65-46aaf79a750e" class="plotly-graph-div" style="height:800px; width:800px;"></div>            <script type="text/javascript">                                    window.PLOTLYENV=window.PLOTLYENV || {};                                    if (document.getElementById("c2dc6953-4b48-4788-bc65-46aaf79a750e")) {                    Plotly.newPlot(                        "c2dc6953-4b48-4788-bc65-46aaf79a750e",                        [{"text":[0.0,1.3140660040524417,2.0777536257265568,1.4953249128338546,1.7619397087263504,1.5130654183818935,1.463266287124755,1.3226488423192442,1.265363989596013,1.7125658369445058,1.8452280100395022,2.5022452921998615,4.178979454853998,2.593092343496503,1.1869907162863054,2.56978073339275,1.1158105754151104,1.0961992261675775,2.2196616980483173,0.8976111352225113,1.3140660040524417,0.0,1.700402168354235,1.0851981427669275,2.170642737442395,1.2908568755386824,1.139648698362441,1.1999280787204398,1.393814971020954,1.5480620665167728,1.9260680515881061,1.998233151624244,4.158201411810185,2.2007294457375592,1.2182388082663862,2.140548296214196,1.22495855099662,1.2483179252380792,2.017725434224849,1.4764512456443901,2.0777536257265568,1.700402168354235,0.0,1.4462901695813912,2.785668388725204,1.6509110075866622,1.3196414829215866,1.7412748387778152,1.926037663546855,2.082434348572369,2.1695555015171486,2.3510541372996245,4.252504741322922,2.3986190672557055,1.639511583611546,2.39884859407397,1.832244808546756,1.9190164103668794,2.475853444811156,1.9479722792230085,1.4953249128338546,1.0851981427669275,1.4462901695813912,0.0,2.269056910599108,1.0205619784720097,0.7258609095029579,1.2071721110311566,1.4293405283792733,1.4453859577160117,1.630141176276157,2.05720675092944,3.959150816854291,2.0256534548034115,1.0229912703258475,2.058756762458251,1.1566503470425589,1.2475164070548561,1.9740087140882563,1.252106871586609,1.7619397087263504,2.170642737442395,2.785668388725204,2.269056910599108,0.0,1.3042521498224835,1.0990651411302885,2.02290157526215,2.0302254649684106,2.4013585053021225,1.4601601461043299,3.275009002844911,4.032869471159179,3.496937237394053,1.2290698610216768,3.1356912412598548,0.7673975528077038,0.7347441533041612,3.5370528511603374,0.5412391779302502,1.5130654183818935,1.2908568755386824,1.6509110075866622,1.0205619784720097,1.3042521498224835,0.0,0.9218108374431876,1.001639512503221,1.3832155100651076,1.4171464336711919,1.706241288110709,1.715879238409091,2.256119716010031,2.3778471506222982,0.8935353125981345,1.3683407291268663,1.1073647490395813,1.1315363521465212,2.467687283577841,1.353432397288138,1.463266287124755,1.139648698362441,1.3196414829215866,0.7258609095029579,1.0990651411302885,0.9218108374431876,0.0,1.1433974083695462,1.618226847418754,1.500169242502707,1.7510437318720968,1.6632851331522285,1.469894796667385,2.0167077108243325,0.7034501876763198,2.569967918217583,1.1789885819488126,1.2453258124925788,2.2876600275602663,1.3066668449235268,1.3226488423192442,1.1999280787204398,1.7412748387778152,1.2071721110311566,2.02290157526215,1.001639512503221,1.1433974083695462,0.0,1.2924235940356017,1.4655691543921199,1.7504171630713523,2.014226052112846,4.195010476247121,2.4984705872783426,1.092578361103723,1.493866140727692,1.181358930359777,1.222011043963165,2.036826382223083,1.2929576965038192,1.265363989596013,1.393814971020954,1.926037663546855,1.4293405283792733,2.0302254649684106,1.3832155100651076,1.618226847418754,1.2924235940356017,0.0,1.7898454615948967,2.0349646057065667,2.266366813136695,4.411945782764792,2.7087299660047304,1.3900550281607533,1.6179722815233755,1.1421075231959485,1.1978500489750354,2.5051999491418635,1.4189388383946178,1.7125658369445058,1.5480620665167728,2.082434348572369,1.4453859577160117,2.4013585053021225,1.4171464336711919,1.500169242502707,1.4655691543921199,1.7898454615948967,0.0,1.2065561459188165,2.248598132610376,4.004241694758277,2.374400773744333,1.3175568421904689,2.63430890925818,1.4506044649545624,1.4235563996713667,2.4685461520210925,1.6034948609254853,1.8452280100395022,1.9260680515881061,2.1695555015171486,1.630141176276157,1.4601601461043299,1.706241288110709,1.7510437318720968,1.7504171630713523,2.0349646057065667,1.2065561459188165,0.0,2.3274701204293664,1.820035666517517,2.5471048424657803,1.5260220221920473,3.4727588096048323,1.3173822626364335,1.3655964555988866,3.0238589069514368,1.479420826340083,2.5022452921998615,1.998233151624244,2.3510541372996245,2.05720675092944,3.275009002844911,1.715879238409091,1.6632851331522285,2.014226052112846,2.266366813136695,2.248598132610376,2.3274701204293664,0.0,4.4854990575333,2.7849640606867396,1.7289265271208372,2.084525670196328,2.0857789928935326,2.176790505118853,2.4683349768920557,2.331451519691931,4.178979454853998,4.158201411810185,4.252504741322922,3.959150816854291,4.032869471159179,2.256119716010031,1.469894796667385,4.195010476247121,4.411945782764792,4.004241694758277,1.820035666517517,4.4854990575333,0.0,4.790152674703143,2.268082016679023,4.469185597225051,2.2911557934148776,2.1654451000645594,4.738537688321968,1.7001659696824627,2.593092343496503,2.2007294457375592,2.3986190672557055,2.0256534548034115,3.496937237394053,2.3778471506222982,2.0167077108243325,2.4984705872783426,2.7087299660047304,2.374400773744333,2.5471048424657803,2.7849640606867396,4.790152674703143,0.0,2.219640121013458,3.0652782205700095,2.370637377084791,2.432211576820292,2.4883095097716077,2.3771868828124925,1.1869907162863054,1.2182388082663862,1.639511583611546,1.0229912703258475,1.2290698610216768,0.8935353125981345,0.7034501876763198,1.092578361103723,1.3900550281607533,1.3175568421904689,1.5260220221920473,1.7289265271208372,2.268082016679023,2.219640121013458,0.0,2.739043444674085,1.0547199888069936,1.0570181936334315,1.9394148117914423,1.1604826683897,2.56978073339275,2.140548296214196,2.39884859407397,2.058756762458251,3.1356912412598548,1.3683407291268663,2.569967918217583,1.493866140727692,1.6179722815233755,2.63430890925818,3.4727588096048323,2.084525670196328,4.469185597225051,3.0652782205700095,2.739043444674085,0.0,2.514412363632197,2.6243779083699668,2.9338045132490658,2.8577438497784535,1.1158105754151104,1.22495855099662,1.832244808546756,1.1566503470425589,0.7673975528077038,1.1073647490395813,1.1789885819488126,1.181358930359777,1.1421075231959485,1.4506044649545624,1.3173822626364335,2.0857789928935326,2.2911557934148776,2.370637377084791,1.0547199888069936,2.514412363632197,0.0,0.43054341222062725,2.568654190728187,0.6066003182152215,1.0961992261675775,1.2483179252380792,1.9190164103668794,1.2475164070548561,0.7347441533041612,1.1315363521465212,1.2453258124925788,1.222011043963165,1.1978500489750354,1.4235563996713667,1.3655964555988866,2.176790505118853,2.1654451000645594,2.432211576820292,1.0570181936334315,2.6243779083699668,0.43054341222062725,0.0,2.6157564359558383,0.6857024885277753,2.2196616980483173,2.017725434224849,2.475853444811156,1.9740087140882563,3.5370528511603374,2.467687283577841,2.2876600275602663,2.036826382223083,2.5051999491418635,2.4685461520210925,3.0238589069514368,2.4683349768920557,4.738537688321968,2.4883095097716077,1.9394148117914423,2.9338045132490658,2.568654190728187,2.6157564359558383,0.0,2.619354098426348,0.8976111352225113,1.4764512456443901,1.9479722792230085,1.252106871586609,0.5412391779302502,1.353432397288138,1.3066668449235268,1.2929576965038192,1.4189388383946178,1.6034948609254853,1.479420826340083,2.331451519691931,1.7001659696824627,2.3771868828124925,1.1604826683897,2.8577438497784535,0.6066003182152215,0.6857024885277753,2.619354098426348,0.0],"texttemplate":"%{text:.2f}","x":["1001","1001","1001","1001","1001","1001","1001","1001","1001","1001","1001","1001","1001","1001","1001","1001","1001","1001","1001","1001","1002","1002","1002","1002","1002","1002","1002","1002","1002","1002","1002","1002","1002","1002","1002","1002","1002","1002","1002","1002","1003","1003","1003","1003","1003","1003","1003","1003","1003","1003","1003","1003","1003","1003","1003","1003","1003","1003","1003","1003","1004","1004","1004","1004","1004","1004","1004","1004","1004","1004","1004","1004","1004","1004","1004","1004","1004","1004","1004","1004","1005","1005","1005","1005","1005","1005","1005","1005","1005","1005","1005","1005","1005","1005","1005","1005","1005","1005","1005","1005","1006","1006","1006","1006","1006","1006","1006","1006","1006","1006","1006","1006","1006","1006","1006","1006","1006","1006","1006","1006","1007","1007","1007","1007","1007","1007","1007","1007","1007","1007","1007","1007","1007","1007","1007","1007","1007","1007","1007","1007","1008","1008","1008","1008","1008","1008","1008","1008","1008","1008","1008","1008","1008","1008","1008","1008","1008","1008","1008","1008","1009","1009","1009","1009","1009","1009","1009","1009","1009","1009","1009","1009","1009","1009","1009","1009","1009","1009","1009","1009","1010","1010","1010","1010","1010","1010","1010","1010","1010","1010","1010","1010","1010","1010","1010","1010","1010","1010","1010","1010","1011","1011","1011","1011","1011","1011","1011","1011","1011","1011","1011","1011","1011","1011","1011","1011","1011","1011","1011","1011","1012","1012","1012","1012","1012","1012","1012","1012","1012","1012","1012","1012","1012","1012","1012","1012","1012","1012","1012","1012","1013","1013","1013","1013","1013","1013","1013","1013","1013","1013","1013","1013","1013","1013","1013","1013","1013","1013","1013","1013","1014","1014","1014","1014","1014","1014","1014","1014","1014","1014","1014","1014","1014","1014","1014","1014","1014","1014","1014","1014","1015","1015","1015","1015","1015","1015","1015","1015","1015","1015","1015","1015","1015","1015","1015","1015","1015","1015","1015","1015","1016","1016","1016","1016","1016","1016","1016","1016","1016","1016","1016","1016","1016","1016","1016","1016","1016","1016","1016","1016","1017","1017","1017","1017","1017","1017","1017","1017","1017","1017","1017","1017","1017","1017","1017","1017","1017","1017","1017","1017","1018","1018","1018","1018","1018","1018","1018","1018","1018","1018","1018","1018","1018","1018","1018","1018","1018","1018","1018","1018","1019","1019","1019","1019","1019","1019","1019","1019","1019","1019","1019","1019","1019","1019","1019","1019","1019","1019","1019","1019","1020","1020","1020","1020","1020","1020","1020","1020","1020","1020","1020","1020","1020","1020","1020","1020","1020","1020","1020","1020"],"y":["1001","1002","1003","1004","1005","1006","1007","1008","1009","1010","1011","1012","1013","1014","1015","1016","1017","1018","1019","1020","1001","1002","1003","1004","1005","1006","1007","1008","1009","1010","1011","1012","1013","1014","1015","1016","1017","1018","1019","1020","1001","1002","1003","1004","1005","1006","1007","1008","1009","1010","1011","1012","1013","1014","1015","1016","1017","1018","1019","1020","1001","1002","1003","1004","1005","1006","1007","1008","1009","1010","1011","1012","1013","1014","1015","1016","1017","1018","1019","1020","1001","1002","1003","1004","1005","1006","1007","1008","1009","1010","1011","1012","1013","1014","1015","1016","1017","1018","1019","1020","1001","1002","1003","1004","1005","1006","1007","1008","1009","1010","1011","1012","1013","1014","1015","1016","1017","1018","1019","1020","1001","1002","1003","1004","1005","1006","1007","1008","1009","1010","1011","1012","1013","1014","1015","1016","1017","1018","1019","1020","1001","1002","1003","1004","1005","1006","1007","1008","1009","1010","1011","1012","1013","1014","1015","1016","1017","1018","1019","1020","1001","1002","1003","1004","1005","1006","1007","1008","1009","1010","1011","1012","1013","1014","1015","1016","1017","1018","1019","1020","1001","1002","1003","1004","1005","1006","1007","1008","1009","1010","1011","1012","1013","1014","1015","1016","1017","1018","1019","1020","1001","1002","1003","1004","1005","1006","1007","1008","1009","1010","1011","1012","1013","1014","1015","1016","1017","1018","1019","1020","1001","1002","1003","1004","1005","1006","1007","1008","1009","1010","1011","1012","1013","1014","1015","1016","1017","1018","1019","1020","1001","1002","1003","1004","1005","1006","1007","1008","1009","1010","1011","1012","1013","1014","1015","1016","1017","1018","1019","1020","1001","1002","1003","1004","1005","1006","1007","1008","1009","1010","1011","1012","1013","1014","1015","1016","1017","1018","1019","1020","1001","1002","1003","1004","1005","1006","1007","1008","1009","1010","1011","1012","1013","1014","1015","1016","1017","1018","1019","1020","1001","1002","1003","1004","1005","1006","1007","1008","1009","1010","1011","1012","1013","1014","1015","1016","1017","1018","1019","1020","1001","1002","1003","1004","1005","1006","1007","1008","1009","1010","1011","1012","1013","1014","1015","1016","1017","1018","1019","1020","1001","1002","1003","1004","1005","1006","1007","1008","1009","1010","1011","1012","1013","1014","1015","1016","1017","1018","1019","1020","1001","1002","1003","1004","1005","1006","1007","1008","1009","1010","1011","1012","1013","1014","1015","1016","1017","1018","1019","1020","1001","1002","1003","1004","1005","1006","1007","1008","1009","1010","1011","1012","1013","1014","1015","1016","1017","1018","1019","1020"],"z":[0.0,1.3140660040524417,2.0777536257265568,1.4953249128338546,1.7619397087263504,1.5130654183818935,1.463266287124755,1.3226488423192442,1.265363989596013,1.7125658369445058,1.8452280100395022,2.5022452921998615,4.178979454853998,2.593092343496503,1.1869907162863054,2.56978073339275,1.1158105754151104,1.0961992261675775,2.2196616980483173,0.8976111352225113,1.3140660040524417,0.0,1.700402168354235,1.0851981427669275,2.170642737442395,1.2908568755386824,1.139648698362441,1.1999280787204398,1.393814971020954,1.5480620665167728,1.9260680515881061,1.998233151624244,4.158201411810185,2.2007294457375592,1.2182388082663862,2.140548296214196,1.22495855099662,1.2483179252380792,2.017725434224849,1.4764512456443901,2.0777536257265568,1.700402168354235,0.0,1.4462901695813912,2.785668388725204,1.6509110075866622,1.3196414829215866,1.7412748387778152,1.926037663546855,2.082434348572369,2.1695555015171486,2.3510541372996245,4.252504741322922,2.3986190672557055,1.639511583611546,2.39884859407397,1.832244808546756,1.9190164103668794,2.475853444811156,1.9479722792230085,1.4953249128338546,1.0851981427669275,1.4462901695813912,0.0,2.269056910599108,1.0205619784720097,0.7258609095029579,1.2071721110311566,1.4293405283792733,1.4453859577160117,1.630141176276157,2.05720675092944,3.959150816854291,2.0256534548034115,1.0229912703258475,2.058756762458251,1.1566503470425589,1.2475164070548561,1.9740087140882563,1.252106871586609,1.7619397087263504,2.170642737442395,2.785668388725204,2.269056910599108,0.0,1.3042521498224835,1.0990651411302885,2.02290157526215,2.0302254649684106,2.4013585053021225,1.4601601461043299,3.275009002844911,4.032869471159179,3.496937237394053,1.2290698610216768,3.1356912412598548,0.7673975528077038,0.7347441533041612,3.5370528511603374,0.5412391779302502,1.5130654183818935,1.2908568755386824,1.6509110075866622,1.0205619784720097,1.3042521498224835,0.0,0.9218108374431876,1.001639512503221,1.3832155100651076,1.4171464336711919,1.706241288110709,1.715879238409091,2.256119716010031,2.3778471506222982,0.8935353125981345,1.3683407291268663,1.1073647490395813,1.1315363521465212,2.467687283577841,1.353432397288138,1.463266287124755,1.139648698362441,1.3196414829215866,0.7258609095029579,1.0990651411302885,0.9218108374431876,0.0,1.1433974083695462,1.618226847418754,1.500169242502707,1.7510437318720968,1.6632851331522285,1.469894796667385,2.0167077108243325,0.7034501876763198,2.569967918217583,1.1789885819488126,1.2453258124925788,2.2876600275602663,1.3066668449235268,1.3226488423192442,1.1999280787204398,1.7412748387778152,1.2071721110311566,2.02290157526215,1.001639512503221,1.1433974083695462,0.0,1.2924235940356017,1.4655691543921199,1.7504171630713523,2.014226052112846,4.195010476247121,2.4984705872783426,1.092578361103723,1.493866140727692,1.181358930359777,1.222011043963165,2.036826382223083,1.2929576965038192,1.265363989596013,1.393814971020954,1.926037663546855,1.4293405283792733,2.0302254649684106,1.3832155100651076,1.618226847418754,1.2924235940356017,0.0,1.7898454615948967,2.0349646057065667,2.266366813136695,4.411945782764792,2.7087299660047304,1.3900550281607533,1.6179722815233755,1.1421075231959485,1.1978500489750354,2.5051999491418635,1.4189388383946178,1.7125658369445058,1.5480620665167728,2.082434348572369,1.4453859577160117,2.4013585053021225,1.4171464336711919,1.500169242502707,1.4655691543921199,1.7898454615948967,0.0,1.2065561459188165,2.248598132610376,4.004241694758277,2.374400773744333,1.3175568421904689,2.63430890925818,1.4506044649545624,1.4235563996713667,2.4685461520210925,1.6034948609254853,1.8452280100395022,1.9260680515881061,2.1695555015171486,1.630141176276157,1.4601601461043299,1.706241288110709,1.7510437318720968,1.7504171630713523,2.0349646057065667,1.2065561459188165,0.0,2.3274701204293664,1.820035666517517,2.5471048424657803,1.5260220221920473,3.4727588096048323,1.3173822626364335,1.3655964555988866,3.0238589069514368,1.479420826340083,2.5022452921998615,1.998233151624244,2.3510541372996245,2.05720675092944,3.275009002844911,1.715879238409091,1.6632851331522285,2.014226052112846,2.266366813136695,2.248598132610376,2.3274701204293664,0.0,4.4854990575333,2.7849640606867396,1.7289265271208372,2.084525670196328,2.0857789928935326,2.176790505118853,2.4683349768920557,2.331451519691931,4.178979454853998,4.158201411810185,4.252504741322922,3.959150816854291,4.032869471159179,2.256119716010031,1.469894796667385,4.195010476247121,4.411945782764792,4.004241694758277,1.820035666517517,4.4854990575333,0.0,4.790152674703143,2.268082016679023,4.469185597225051,2.2911557934148776,2.1654451000645594,4.738537688321968,1.7001659696824627,2.593092343496503,2.2007294457375592,2.3986190672557055,2.0256534548034115,3.496937237394053,2.3778471506222982,2.0167077108243325,2.4984705872783426,2.7087299660047304,2.374400773744333,2.5471048424657803,2.7849640606867396,4.790152674703143,0.0,2.219640121013458,3.0652782205700095,2.370637377084791,2.432211576820292,2.4883095097716077,2.3771868828124925,1.1869907162863054,1.2182388082663862,1.639511583611546,1.0229912703258475,1.2290698610216768,0.8935353125981345,0.7034501876763198,1.092578361103723,1.3900550281607533,1.3175568421904689,1.5260220221920473,1.7289265271208372,2.268082016679023,2.219640121013458,0.0,2.739043444674085,1.0547199888069936,1.0570181936334315,1.9394148117914423,1.1604826683897,2.56978073339275,2.140548296214196,2.39884859407397,2.058756762458251,3.1356912412598548,1.3683407291268663,2.569967918217583,1.493866140727692,1.6179722815233755,2.63430890925818,3.4727588096048323,2.084525670196328,4.469185597225051,3.0652782205700095,2.739043444674085,0.0,2.514412363632197,2.6243779083699668,2.9338045132490658,2.8577438497784535,1.1158105754151104,1.22495855099662,1.832244808546756,1.1566503470425589,0.7673975528077038,1.1073647490395813,1.1789885819488126,1.181358930359777,1.1421075231959485,1.4506044649545624,1.3173822626364335,2.0857789928935326,2.2911557934148776,2.370637377084791,1.0547199888069936,2.514412363632197,0.0,0.43054341222062725,2.568654190728187,0.6066003182152215,1.0961992261675775,1.2483179252380792,1.9190164103668794,1.2475164070548561,0.7347441533041612,1.1315363521465212,1.2453258124925788,1.222011043963165,1.1978500489750354,1.4235563996713667,1.3655964555988866,2.176790505118853,2.1654451000645594,2.432211576820292,1.0570181936334315,2.6243779083699668,0.43054341222062725,0.0,2.6157564359558383,0.6857024885277753,2.2196616980483173,2.017725434224849,2.475853444811156,1.9740087140882563,3.5370528511603374,2.467687283577841,2.2876600275602663,2.036826382223083,2.5051999491418635,2.4685461520210925,3.0238589069514368,2.4683349768920557,4.738537688321968,2.4883095097716077,1.9394148117914423,2.9338045132490658,2.568654190728187,2.6157564359558383,0.0,2.619354098426348,0.8976111352225113,1.4764512456443901,1.9479722792230085,1.252106871586609,0.5412391779302502,1.353432397288138,1.3066668449235268,1.2929576965038192,1.4189388383946178,1.6034948609254853,1.479420826340083,2.331451519691931,1.7001659696824627,2.3771868828124925,1.1604826683897,2.8577438497784535,0.6066003182152215,0.6857024885277753,2.619354098426348,0.0],"type":"heatmap"}],                        {"template":{"data":{"barpolar":[{"marker":{"line":{"color":"#E5ECF6","width":0.5},"pattern":{"fillmode":"overlay","size":10,"solidity":0.2}},"type":"barpolar"}],"bar":[{"error_x":{"color":"#2a3f5f"},"error_y":{"color":"#2a3f5f"},"marker":{"line":{"color":"#E5ECF6","width":0.5},"pattern":{"fillmode":"overlay","size":10,"solidity":0.2}},"type":"bar"}],"carpet":[{"aaxis":{"endlinecolor":"#2a3f5f","gridcolor":"white","linecolor":"white","minorgridcolor":"white","startlinecolor":"#2a3f5f"},"baxis":{"endlinecolor":"#2a3f5f","gridcolor":"white","linecolor":"white","minorgridcolor":"white","startlinecolor":"#2a3f5f"},"type":"carpet"}],"choropleth":[{"colorbar":{"outlinewidth":0,"ticks":""},"type":"choropleth"}],"contourcarpet":[{"colorbar":{"outlinewidth":0,"ticks":""},"type":"contourcarpet"}],"contour":[{"colorbar":{"outlinewidth":0,"ticks":""},"colorscale":[[0.0,"#0d0887"],[0.1111111111111111,"#46039f"],[0.2222222222222222,"#7201a8"],[0.3333333333333333,"#9c179e"],[0.4444444444444444,"#bd3786"],[0.5555555555555556,"#d8576b"],[0.6666666666666666,"#ed7953"],[0.7777777777777778,"#fb9f3a"],[0.8888888888888888,"#fdca26"],[1.0,"#f0f921"]],"type":"contour"}],"heatmapgl":[{"colorbar":{"outlinewidth":0,"ticks":""},"colorscale":[[0.0,"#0d0887"],[0.1111111111111111,"#46039f"],[0.2222222222222222,"#7201a8"],[0.3333333333333333,"#9c179e"],[0.4444444444444444,"#bd3786"],[0.5555555555555556,"#d8576b"],[0.6666666666666666,"#ed7953"],[0.7777777777777778,"#fb9f3a"],[0.8888888888888888,"#fdca26"],[1.0,"#f0f921"]],"type":"heatmapgl"}],"heatmap":[{"colorbar":{"outlinewidth":0,"ticks":""},"colorscale":[[0.0,"#0d0887"],[0.1111111111111111,"#46039f"],[0.2222222222222222,"#7201a8"],[0.3333333333333333,"#9c179e"],[0.4444444444444444,"#bd3786"],[0.5555555555555556,"#d8576b"],[0.6666666666666666,"#ed7953"],[0.7777777777777778,"#fb9f3a"],[0.8888888888888888,"#fdca26"],[1.0,"#f0f921"]],"type":"heatmap"}],"histogram2dcontour":[{"colorbar":{"outlinewidth":0,"ticks":""},"colorscale":[[0.0,"#0d0887"],[0.1111111111111111,"#46039f"],[0.2222222222222222,"#7201a8"],[0.3333333333333333,"#9c179e"],[0.4444444444444444,"#bd3786"],[0.5555555555555556,"#d8576b"],[0.6666666666666666,"#ed7953"],[0.7777777777777778,"#fb9f3a"],[0.8888888888888888,"#fdca26"],[1.0,"#f0f921"]],"type":"histogram2dcontour"}],"histogram2d":[{"colorbar":{"outlinewidth":0,"ticks":""},"colorscale":[[0.0,"#0d0887"],[0.1111111111111111,"#46039f"],[0.2222222222222222,"#7201a8"],[0.3333333333333333,"#9c179e"],[0.4444444444444444,"#bd3786"],[0.5555555555555556,"#d8576b"],[0.6666666666666666,"#ed7953"],[0.7777777777777778,"#fb9f3a"],[0.8888888888888888,"#fdca26"],[1.0,"#f0f921"]],"type":"histogram2d"}],"histogram":[{"marker":{"pattern":{"fillmode":"overlay","size":10,"solidity":0.2}},"type":"histogram"}],"mesh3d":[{"colorbar":{"outlinewidth":0,"ticks":""},"type":"mesh3d"}],"parcoords":[{"line":{"colorbar":{"outlinewidth":0,"ticks":""}},"type":"parcoords"}],"pie":[{"automargin":true,"type":"pie"}],"scatter3d":[{"line":{"colorbar":{"outlinewidth":0,"ticks":""}},"marker":{"colorbar":{"outlinewidth":0,"ticks":""}},"type":"scatter3d"}],"scattercarpet":[{"marker":{"colorbar":{"outlinewidth":0,"ticks":""}},"type":"scattercarpet"}],"scattergeo":[{"marker":{"colorbar":{"outlinewidth":0,"ticks":""}},"type":"scattergeo"}],"scattergl":[{"marker":{"colorbar":{"outlinewidth":0,"ticks":""}},"type":"scattergl"}],"scattermapbox":[{"marker":{"colorbar":{"outlinewidth":0,"ticks":""}},"type":"scattermapbox"}],"scatterpolargl":[{"marker":{"colorbar":{"outlinewidth":0,"ticks":""}},"type":"scatterpolargl"}],"scatterpolar":[{"marker":{"colorbar":{"outlinewidth":0,"ticks":""}},"type":"scatterpolar"}],"scatter":[{"fillpattern":{"fillmode":"overlay","size":10,"solidity":0.2},"type":"scatter"}],"scatterternary":[{"marker":{"colorbar":{"outlinewidth":0,"ticks":""}},"type":"scatterternary"}],"surface":[{"colorbar":{"outlinewidth":0,"ticks":""},"colorscale":[[0.0,"#0d0887"],[0.1111111111111111,"#46039f"],[0.2222222222222222,"#7201a8"],[0.3333333333333333,"#9c179e"],[0.4444444444444444,"#bd3786"],[0.5555555555555556,"#d8576b"],[0.6666666666666666,"#ed7953"],[0.7777777777777778,"#fb9f3a"],[0.8888888888888888,"#fdca26"],[1.0,"#f0f921"]],"type":"surface"}],"table":[{"cells":{"fill":{"color":"#EBF0F8"},"line":{"color":"white"}},"header":{"fill":{"color":"#C8D4E3"},"line":{"color":"white"}},"type":"table"}]},"layout":{"annotationdefaults":{"arrowcolor":"#2a3f5f","arrowhead":0,"arrowwidth":1},"autotypenumbers":"strict","coloraxis":{"colorbar":{"outlinewidth":0,"ticks":""}},"colorscale":{"diverging":[[0,"#8e0152"],[0.1,"#c51b7d"],[0.2,"#de77ae"],[0.3,"#f1b6da"],[0.4,"#fde0ef"],[0.5,"#f7f7f7"],[0.6,"#e6f5d0"],[0.7,"#b8e186"],[0.8,"#7fbc41"],[0.9,"#4d9221"],[1,"#276419"]],"sequential":[[0.0,"#0d0887"],[0.1111111111111111,"#46039f"],[0.2222222222222222,"#7201a8"],[0.3333333333333333,"#9c179e"],[0.4444444444444444,"#bd3786"],[0.5555555555555556,"#d8576b"],[0.6666666666666666,"#ed7953"],[0.7777777777777778,"#fb9f3a"],[0.8888888888888888,"#fdca26"],[1.0,"#f0f921"]],"sequentialminus":[[0.0,"#0d0887"],[0.1111111111111111,"#46039f"],[0.2222222222222222,"#7201a8"],[0.3333333333333333,"#9c179e"],[0.4444444444444444,"#bd3786"],[0.5555555555555556,"#d8576b"],[0.6666666666666666,"#ed7953"],[0.7777777777777778,"#fb9f3a"],[0.8888888888888888,"#fdca26"],[1.0,"#f0f921"]]},"colorway":["#636efa","#EF553B","#00cc96","#ab63fa","#FFA15A","#19d3f3","#FF6692","#B6E880","#FF97FF","#FECB52"],"font":{"color":"#2a3f5f"},"geo":{"bgcolor":"white","lakecolor":"white","landcolor":"#E5ECF6","showlakes":true,"showland":true,"subunitcolor":"white"},"hoverlabel":{"align":"left"},"hovermode":"closest","mapbox":{"style":"light"},"paper_bgcolor":"white","plot_bgcolor":"#E5ECF6","polar":{"angularaxis":{"gridcolor":"white","linecolor":"white","ticks":""},"bgcolor":"#E5ECF6","radialaxis":{"gridcolor":"white","linecolor":"white","ticks":""}},"scene":{"xaxis":{"backgroundcolor":"#E5ECF6","gridcolor":"white","gridwidth":2,"linecolor":"white","showbackground":true,"ticks":"","zerolinecolor":"white"},"yaxis":{"backgroundcolor":"#E5ECF6","gridcolor":"white","gridwidth":2,"linecolor":"white","showbackground":true,"ticks":"","zerolinecolor":"white"},"zaxis":{"backgroundcolor":"#E5ECF6","gridcolor":"white","gridwidth":2,"linecolor":"white","showbackground":true,"ticks":"","zerolinecolor":"white"}},"shapedefaults":{"line":{"color":"#2a3f5f"}},"ternary":{"aaxis":{"gridcolor":"white","linecolor":"white","ticks":""},"baxis":{"gridcolor":"white","linecolor":"white","ticks":""},"bgcolor":"#E5ECF6","caxis":{"gridcolor":"white","linecolor":"white","ticks":""}},"title":{"x":0.05},"xaxis":{"automargin":true,"gridcolor":"white","linecolor":"white","ticks":"","title":{"standoff":15},"zerolinecolor":"white","zerolinewidth":2},"yaxis":{"automargin":true,"gridcolor":"white","linecolor":"white","ticks":"","title":{"standoff":15},"zerolinecolor":"white","zerolinewidth":2}}},"autosize":false,"width":800,"height":800,"title":{"text":"PM<sub>2.5</sub> MAE for pairs of sensor nodes, 15min window average"}},                        {"responsive": true}                    )                };                            </script>        </div>
</body>
</html>